lam_h2o=[0.200e-6,0.225e-6,0.250e-6,...
		                    0.275e-6,0.300e-6,0.325e-6,0.350e-6,0.375e-6,...
		                    0.400e-6,0.425e-6,0.450e-6,0.475e-6,0.500e-6,...
		                    0.525e-6,0.550e-6,0.575e-6,0.600e-6,0.625e-6,...
		                    0.650e-6,0.675e-6,0.700e-6,0.725e-6,0.750e-6,...
		                    0.775e-6,0.800e-6,0.825e-6,0.850e-6,0.875e-6,...
		                    0.900e-6,0.925e-6,0.950e-6,0.975e-6,1.000e-6,...
		                    1.200e-6,1.400e-6,1.600e-6,1.800e-6,2.000e-6,...
		                    2.200e-6,2.400e-6,2.600e-6,2.650e-6,2.700e-6,...
		                    2.750e-6,2.800e-6,2.850e-6,2.900e-6,2.950e-6,...
		                    3.000e-6,3.050e-6,3.100e-6,3.150e-6,3.200e-6,...
		                    3.250e-6,3.300e-6,3.350e-6,3.400e-6,3.450e-6,...
		                    3.500e-6,3.600e-6,3.700e-6,3.800e-6,3.900e-6,...
		                    4.000e-6,4.100e-6,4.200e-6,4.300e-6,4.400e-6,...
		                    4.500e-6,4.600e-6,4.700e-6,4.800e-6,4.900e-6,...
		                    5.000e-6,5.100e-6,5.200e-6,5.300e-6,5.400e-6,...
		                    5.500e-6,5.600e-6,5.700e-6,5.800e-6,5.900e-6,...
		                    6.000e-6,6.100e-6,6.200e-6,6.300e-6,6.400e-6,...
		                    6.500e-6,6.600e-6,6.700e-6,6.800e-6,6.900e-6,...
		                    7.000e-6,7.100e-6,7.200e-6,7.300e-6,7.400e-6,...
		                    7.500e-6,7.600e-6,7.700e-6,7.800e-6,7.900e-6,...
		                    8.000e-6,8.200e-6,8.400e-6,8.600e-6,8.800e-6,...
		                    9.000e-6,9.200e-6,9.400e-6,9.600e-6,9.800e-6,...
		                    10.000e-6,10.500e-6,11.000e-6,11.500e-6,...
		                    12.000e-6,12.500e-6,13.000e-6,13.500e-6,...
		                    14.000e-6,14.500e-6,15.000e-6,15.500e-6,...
		                    16.000e-6,16.500e-6,17.000e-6,17.500e-6,...
		                    18.000e-6,18.500e-6,19.000e-6,19.500e-6,...
		                    20.000e-6,21.000e-6,22.000e-6,23.000e-6,...
		                    24.000e-6,25.000e-6,26.000e-6,27.000e-6,...
		                    28.000e-6,29.000e-6,30.000e-6,32.000e-6,...
		                    34.000e-6,36.000e-6,38.000e-6,40.000e-6,...
		                    42.000e-6,44.000e-6,46.000e-6,48.000e-6,...
		                    50.000e-6,60.000e-6,70.000e-6,80.000e-6,...
		                    90.000e-6,100.000e-6,110.000e-6,120.000e-6,...
		                    130.000e-6,140.000e-6,150.000e-6,160.000e-6,...
		                    170.000e-6,180.000e-6,190.000e-6,200.000e-6];

nr_h2o=[1.396,1.373,1.362,1.354,...
		    1.349,1.346,1.343,1.341,1.339,1.338,1.337,1.336,...
		    1.335,1.334,1.333,1.333,1.332,1.332,1.331,1.331,...
		    1.331,1.33,1.33,1.33,1.329,1.329,1.329,1.328,...
		    1.328,1.328,1.327,1.327,1.327,1.324,1.321,1.317,...
		    1.312,1.306,1.296,1.279,1.242,1.219,1.188,1.157,...
		    1.142,1.149,1.201,1.292,1.371,1.426,1.467,1.483,...
		    1.478,1.467,1.45,1.432,1.42,1.41,1.4,1.385,1.374,...
		    1.364,1.357,1.351,1.346,1.342,1.338,1.334,1.332,...
		    1.33,1.33,1.33,1.328,1.325,1.322,1.317,1.312,...
		    1.305,1.298,1.289,1.277,1.262,1.248,1.265,1.319,...
		    1.363,1.357,1.347,1.339,1.334,1.329,1.324,1.321,...
		    1.317,1.314,1.312,1.309,1.307,1.304,1.302,1.299,...
		    1.297,1.294,1.291,1.286,1.281,1.275,1.269,1.262,...
		    1.255,1.247,1.239,1.229,1.218,1.185,1.153,1.126,...
		    1.111,1.123,1.146,1.177,1.21,1.241,1.27,1.297,...
		    1.325,1.351,1.376,1.401,1.423,1.443,1.461,1.476,...
		    1.48,1.487,1.5,1.511,1.521,1.531,1.539,1.545,...
		    1.549,1.551,1.551,1.546,1.536,1.527,1.522,1.519,...
		    1.522,1.53,1.541,1.555,1.587,1.703,1.821,1.886,...
		    1.924,1.957,1.966,2.004,2.036,2.056,2.069,2.081,...
		    2.094,2.107,2.119,2.13];


ni_h2o=[1.10E-07,4.90E-08,3.35E-08,...
		        2.35E-08,1.60E-08,1.08E-08,6.50E-09,3.50E-09,1.86E-09,...
		        1.30E-09,1.02E-09,9.35E-10,1.00E-09,1.32E-09,1.96E-09,...
		        3.60E-09,1.09E-08,1.39E-08,1.64E-08,2.23E-08,3.35E-08,...
		        9.15E-08,1.56E-07,1.48E-07,1.25E-07,1.82E-07,2.93E-07,...
		        3.91E-07,4.86E-07,1.06E-06,2.93E-06,3.48E-06,2.89E-06,...
		        9.89E-06,1.38E-04,8.55E-05,1.15E-04,1.10E-03,2.89E-04,...
		        9.56E-04,3.17E-03,6.70E-03,0.019,0.059,0.115,0.185,...
		        0.268,0.298,0.272,0.24,0.192,0.135,0.0924,0.061,...
		        0.0368,0.0261,0.0195,0.0132,0.0094,0.00515,0.0036,...
		        0.0034,0.0038,0.0046,0.00562,0.00688,0.00845,0.0103,...
		        0.0134,0.0147,0.0157,0.015,0.0137,0.0124,0.0111,...
		        0.0101,0.0098,0.0103,0.0116,0.0142,0.0203,0.033,...
		        0.0622,0.107,0.131,0.088,0.057,0.0449,0.0392,...
		        0.0356,0.0337,0.0327,0.0322,0.032,0.032,0.0321,...
		        0.0322,0.0324,0.0326,0.0328,0.0331,0.0335,0.0339,...
		        0.0343,0.0351,0.0361,0.0372,0.0385,0.0399,0.0415,...
		        0.0433,0.0454,0.0479,0.0508,0.0662,0.0968,0.142,...
		        0.199,0.259,0.305,0.343,0.37,0.388,0.402,0.414,...
		        0.422,0.428,0.429,0.429,0.426,0.421,0.414,0.404,...
		        0.393,0.382,0.373,0.367,0.361,0.356,0.35,0.344,...
		        0.338,0.333,0.328,0.324,0.329,0.343,0.361,0.385,...
		        0.409,0.436,0.462,0.488,0.514,0.587,0.576,0.547,...
		        0.536,0.532,0.531,0.526,0.514,0.5,0.495,0.496,...
		        0.497,0.499,0.501,0.504];


